2222222222222222222222222222222
2121221212121221221212121221212
2212122121212222222121212212122
2121222212122221222212122221212
2212212221222211122221222122122
2222121222221122211222221212222
2122212122212221222122212122212
2212221222112211122112221222122
2221222211222112112221122221222
2222122122221122211222212212222
2122221121211221221121211222212
2212211221212211122121221122122
2212211221212211122121221122122
2122221121211221221121211222212
2222122122221122211222212212222
2221222211222112112221122221222
2212221222112211122112221222122
2122212122212221222122212122212
2222121222221122211222221212222
2212212221222211122221222122122
2121222212122221222212122221212
2212122121212222222121212212122
2121221212121221221212121221212
2222222222222222222222222222222
