8888888888888888888888888888888888888888888888888888888888888888888888888
8888888888888888888888888888888888888888888888885888888888888888888888888
8888888888888888888888888888888888888888888888888588888888888888888888888
8888888888888888888888888888888888888888888888885588888888888888888888888
8888888888888888888888888888888888888888888888885588888888888888888888888
8888888888888888888888888888888885888888888888885888888888888885888888888
8888888888888888888888888888888885888888888888888888888888888885888888888
8888888885888888888888888888888855888888888888888888888888888855888888888
8888888885888888888888888888888888888888888888888888888888888858888888888
8888888885588888888588888888888588888888888888888888888888888888888888888
8888888888888888885588888888888888888888888888888888888888888888888888888
8888888888888888855888888888888888888888888888888888888888888888888855888
8888888888888888855888888888888888888888888888888888888888888888888558888
8888888888888888888888888888888888888888888888888888888888888888888888888
8888888888888888888888888888888888885888888888888888888888888888888888888
8888888888888888888888888888888888885888888888888888888888888888888888888
8888888888888888888888888888888888888888888588888888888888888888888888888
8888888888888888888888858888888888888888885588888888888888888888888888888
8888888888888888888888558888888888888888885888888888888888888888888888888
8888888888888888888885558888888888888888888888888888888888888858888888888
8888888888888888888885588888888888888888888888888888888888888858888888888
8888858888888888888885888888888888888888888888888888588888888858888888888
8888855888888888888888888888888888888888888888888888888888888858888888888
8888885888888888888888888888888888888888888888888888888888888588888888888
8888885888888888888888888888558888888888888888888888888888888588888888888
8888888888888888888888888888858888888888888888888888888888888888888888888
8888888888888888888888888888858888888888888888885888888888888888888888888
8888888888888888888888888888855888888588885888885888888888888888888888888
8888888888888888888888888888855888888588888888885888888888888888888888888
8888888888888888888888888888855888888888888888855888888888888888888888888
8888888888888888888888888888855888888888888888855588888858888888888888888
8888888888888888888888888888555588888885888888856588888888888888888858888
8888888885888888888888888888588588888888888888556558888888888888888858888
8888888855888888858888888888888888888888888888566658888888888888888888888
8888888858888888858888888888888888888888888885566655888888888888888888888
8888888888888888558888888888888888888888888555556558888888888888888888888
8888888888888888558888888888888888888888888888855588888888888558888888888
8888888888888855558888888888888888888888888888888588888888885558888888888
8888888888888858558888888888888888888888888888888888888888885588888888888
8888888888888855558888888888888888888888888888888888888888885558888888888
8888888888888885558888888888855888888888888888888888888888885658888888888
8888888888888885588888888885555558888888888888888888888888855558888888888
8888588888888555888888888555666655888888888888888888888888855888888888888
8888588888888558888888885566666665555888888888855588888888858888888888888
8888888888888888888888888566666666665888888885556588888888888888888888888
8888888888888888888855885566677666665555555555666588888888888888888888888
8888888888888888888888855666677766666666666666666588888888888888888888888
8888888888888888888885556666777777666666666666666555888888888888888888888
8888888888888888888885666667777777766666666666666665558888888888888888888
8888888888888888888885666677777777777777777777766666655888888558888888888
8888888888888888858885666777777777777777777777776666665888888588888888888
8888888888888888888855666777777777777777777777777766665888888588888888888
8888888888888888888856666777777777777777777777777776665888888888888888888
8888888888888885855556667777777777777777777777777776665888888888888888888
8888888888888885556666667777777777777777777777777776665555588888888888888
8888888888858855666666666666666666666666666666666666666666588888888888888
8888888888555556666666666666666666666666666666666666666666558888888888888
8888888885566666666666666666666666666666666666666666666666655588888888888
8888888855555555555555555555555555555555555555555555555555555558888888888
8888888888888888888888888888888888888888888888888888888888888888888888888
8888888888888888888888888888888888888888888888888888888888888888888888888
8888888888888888888888888888888888888888888888888888888888888888888888888
8888888888888888888888888888888888888888888888888888888888888888888888888
8888888888888888888888888888888888888888888888888888888888888888888888888
8888888888888888888888888888888888888888888888888888888888888888888888888
8888888888888888888888888888888888888888888888888888888888888888888888888
8888888888888888888888888888888888888888888888888888888888888888888888888
8888888888888888888888888888888888888888888888888888888888888888888888888
8888888888888888888888888888888888888888888888888888888888888888888888888
8888888888888888888888888888888888888888888888888888888888888888888888888
8888888888888888888888888888888888888888888888888888888888888888888888888
8888888888888888888888888888888888888888888888888888888888888888888888888
8888888888888888888888888888888888888888888888888888888888888888888888888
