8888888888888888888888888888888888888888888888888888888888888888888888888
8888888888888888888888888888888888888888888888888888888888888888888888888
8888888888888888888888888888888888888888888888888888888888888888888888888
8888888888888888888888888888888888888888888888888888888888888888888888888
8888888888888888888888888888888888888888888888888888888888888888888888888
8888888888888888888888888888888888888888888888888888888888888888888888888
8888888888888888888888888888888888888888888888888888888888888888888888888
8888888888888888888888888888888888888888888888888888888888888888888888888
8888888888888888888888888888888888888888888888888888888888888888888888888
8888888888888888888888888888888888888888888888888888888888888888888888888
8888888888888888888888888888888888888888888888888888888888888888888888888
8888888888888888888888888888888888888888888888888888888888888888888888888
8888888888888888888888888888885888888888888888888888888888888888888888888
8888888888888888888888888888885888888888888888888888888888888888888888888
8888888888888888888888888888855888888888888888888888888888888888888888888
8888888888888888888888888888855888888888888888888888888888888888888888888
8888888888888888888888888888855888888888888888888888888888888888888888888
8888888888888888888888888888855888888888885888888888888888888888888888888
8888888888888888888888888888855588888888885888888888888888888888888888888
8888888888888888888888888888856588888888885588888888888888888888888888888
8888888888888888888888888888556588888888855588888888888888888888888888888
8888888888888888888888888888566558888888856588888888888888888888888888888
8888888888888888888888888885566655888888856588888888888888888888888888888
8888888888888888888888888885666665888888855588888888888888888888888888888
8888888888888888888888888855666665588888888888888888588888888888888888888
8888888888888888888888888556666666558888888888888888558888888888888888888
8888558888888888888888888566667666655888888888888885558888888888888888888
8888558888888888888888885566677766665888888888888855655888888888888888888
8888558888888888888888885666677776665888888888888856665888885858888888888
8888558888888888888888855666777776665558888888888556665888885558888888888
8888558888888888888888856666777776666655888858855566665888885558888888888
8888558888888888888888556667777777666665558888856666665888885588888888888
8888555888888888888888856667777777766666655858856666665588885588888888888
8888855888888888888888856667777777777666665555556666666588888588888888888
8888855888888888858888556667777777777766666666666667666588888888888888888
8888885888888858555888566667777777777777666666666677666588888888888888888
8888888888888555565888566677777777777777766666666777666588888888888888888
8888888888888556665588566677777777777777777777777777666588588888888888888
8888888888888856666555566677777777777777777777777777666558588888888888888
8888888888888856666666666677777777777777777777777777666658888888888888888
8888888888885856666666666777777777777777777777777777766658888888888888888
8888888888885556666666667777777777777777777777777777766655888888888888888
8888888888885666667777777777777777777777777777777777766665888888888888888
8888888888885666677777777777777777777777777777777777776665888888888888888
8888888888885666777777777777777777777777777777777777776665588888888888888
8888888888885666677777777777777777777777777777777777776666558888888888888
8888888888885566677777777777777777777777777777777777777666655588888888888
8888888888888566667777777777777777777777777777777777777766666588888888888
8888888888888556667777777777777777777777777777777777777776666588888888888
8888888888888856666777777777777777777777777777777777777777666588888888888
8888888888888855666777777777777777777777777777777777777777666588888888888
8888888888888885666667777777777777777777777777777777777777666588888888888
8888888888888885566666777777777777777777777777777777777777666588888888888
8888888888888888556666667777777777777777777777777777777777666588888888888
8888888888888888855566666667777777777777777777777777777766666588888888888
8888888888888888888556666666666666666666666666666666666666665588888888888
8888888888888888888855566666666666666666666666666666666666655888888888888
8888888888888888888888555566666666666666666666666666666665558888888888888
8888888888888888888888888555555555555555555555555555555555888888888888888
8888888888888888888888888888888888888888888888888888888888888888888888888
8888888888888888888888888888888888888888888888888888888888888888888888888
8888888888888888888888888888888888888888888888888888888888888888888888888
8888888888888888888888888888888888888888888888888888888888888888888888888
8888888888888888888888888888888888888888888888888888888888888888888888888
8888888888888888888888888888888888888888888888888888888888888888888888888
8888888888888888888888888888888888888888888888888888888888888888888888888
8888888888888888888888888888888888888888888888888888888888888888888888888
8888888888888888888888888888888888888888888888888888888888888888888888888
8888888888888888888888888888888888888888888888888888888888888888888888888
8888888888888888888888888888888888888888888888888888888888888888888888888
8888888888888888888888888888888888888888888888888888888888888888888888888
8888888888888888888888888888888888888888888888888888888888888888888888888
8888888888888888888888888888888888888888888888888888888888888888888888888
