8888888888888888888888888888888888888888888888888888888888888888888888888
8888888888888888888888888888888888888888888888888888888888888888888888888
8888888888888888888888888888888888888888888888888888888888888888888888888
8888888888888888888888888888888888888888888888888888888888888888888888888
8888888888888888888888888888888888888888888888888888888888888888888888888
8888888888888888888888888888888888888888888888888888888888888888888888888
8888888888888888888888888888888888888888888888888888888888888888888888888
8888888888888888888888888888888888888888888888888888888888888888888888888
8888888888888888888888888888888888888888888888888888888888888888888888888
8888888888888888888888888888888888888888888888888888888888888888888888888
8888888888888888888888888888888888888888888888888888888888888888888888888
8888888888888888888888888888888888888888888888888888888888888888888888888
8888888888888888888888888888888888888888888888888888888888888888888888888
8888888888888888888888888888888888888888888888888888888888888888888888888
8888888888888888888888888888888888888888888888888888888888888888888888888
8888888888888888888888888888888888888888888888888888888888888888888888888
8888888888888888888888888888888888888888888888888888888888888888888888888
8888888888888888888888888888888888888888888888888888888888888888888888888
8888888888888888888888888888888888888888888888888888888888888888888888888
8888888888888888888888888888888888888888888888888888888888888888888888888
8888888888888888888888888888888888888888888888888888888888888888888888888
8888888888888888888888888888888888888888888888888888888888888888888888888
8888888888888888888888888888888888888888888888888888888888888888888888888
8888888888888888888888888888888888888888888888888888888888888888888888888
8888888888888888888888888858888888888888888888888888888888888888888888888
8888888888888888888888888555888888888888888888888888888888888888888888888
8888888888888888888888888565888888885888888888888888888888888888888888888
8888888888888888888888885555888888885888888888888888588888888888888888888
8888888888888888888888885658888888855888888888888888588888888888888888888
8888888888888888888888885658888888855558888888888885588888888888888888888
8888888888888888888888885658888888556655888888888885588888888888888888888
8888888888888888888888885658888888566665888888888855588888888888888888888
8888888888888888888888885655888888566665588888888856588888888888888888888
8888888888888888888888885665888888566665558888888556588888888888888888888
8888888888888888888888885665888888566665888888888566588888888888888888888
8888888888888888888888885665558888566665588888885566588888888888888888888
8888888888888885588888885666655888566666588888885666588888888888888888888
8888888888888885588888885666665558566766555888885665588888888888888888888
8888888888888888558888885667666658566766665888885665888888888888888888888
8888888888888888855588885667766658566776665888855665888888888888888888888
8888888888888888856588885667776655566777665888856665888888888888888888888
8888888888888888856558885667776666666777665585556665888888888888888888888
8888888888888888855658885667777666667777666555666665888888888888888888888
8888888888888888885655555667777777777777766666666665888888888888888888888
8888888888888888885666666667777777777777776666677665888888888888888888888
8888888888888888885666666677777777777777777777777665888888888888888888888
8888888888888888885666777777777777777777777777777665888888888888888888888
8888888888888888885566777777777777777777777777777665888888888888888888888
8888888888888888888566777777777777777777777777776665888888888888888888888
8888888888888888888566677777777777777777777777776655888888888888888888888
8888888888888888888556667777777777777777777777766658888888888888888888888
8888888888888888888855666777777777777777777777766558888888888888888888888
8888888888888888888885566677777777777777777777766588888888888888888888888
8888888888888888888888556677777777777777777777666588888888888888888888888
8888888888888888888888856677777777777777777777665588888888888888888888888
8888888888888888888888856667777777777777777776665888888888888888888888888
8888888888888888888888855666666666666666666666655888888888888888888888888
8888888888888888888888885566666666666666666666558888888888888888888888888
8888888888888888888888888555555555555555555555588888888888888888888888888
8888888888888888888888888888888888888888888888888888888888888888888888888
8888888888888888888888888888888888888888888888888888888888888888888888888
8888888888888888888888888888888888888888888888888888888888888888888888888
8888888888888888888888888888888888888888888888888888888888888888888888888
8888888888888888888888888888888888888888888888888888888888888888888888888
8888888888888888888888888888888888888888888888888888888888888888888888888
8888888888888888888888888888888888888888888888888888888888888888888888888
8888888888888888888888888888888888888888888888888888888888888888888888888
8888888888888888888888888888888888888888888888888888888888888888888888888
8888888888888888888888888888888888888888888888888888888888888888888888888
8888888888888888888888888888888888888888888888888888888888888888888888888
8888888888888888888888888888888888888888888888888888888888888888888888888
8888888888888888888888888888888888888888888888888888888888888888888888888
8888888888888888888888888888888888888888888888888888888888888888888888888
