8888888888888888888888888888888888888888888888888888888888888888888888888
8888888888888888888888888888888888888888888888888888888888888888888888888
8888888888888888888888888888888888888888888888888888888888888888888888888
8888888888888888888888888888888888888888888888888888888888888888888888888
8888888888888888888888888888888888888888888888888888888888888888888888888
8888888888888888888888888888888888888888888888888888888888888888888888888
8888888888888888888888888888888888888888888888888888888888888888888888888
8888888888888888888888888888888888888888888888888888888888888888888888888
8888888888888888888888888888888888888888888888888888888888888888888888888
8888888888888888888888888888888888888888888888888888888888888888888888888
8888888888888888888888888888888888888888888888888888888888888888888888888
8888888888888888888888888888888888888888888888888888888888888888888888888
8888888888888888888888888888888888888888888888888888888888888888888888888
8888888888888888888888888888888888888888888888888888888888888888888888888
8888888888888888888888888888888888888888888888888888888888888888888888888
8888888888888888888888888888888888888888888888888888888888888888888888888
8888888888888888888888888888888888888888888888888888888888888888888888888
8888888888888888888888888888888888888888888888888888888888888888888888888
8888888888888888888888888888888888888888888888888888888888888888888888888
8888888888888888888888888888888888888888888888888888888888888888888888888
8888888888888888888888888888888888888888888888888888888888888888888888888
8888888888888888888888888888888888888888888888888888888888888888888888888
8888888888888888888888888888888888888888888888888888888888888888888888888
8888888888888888888888888888888888888888888888888888888888888888888888888
8888888888888888888888888888888888888888888888888888888888888888888888888
8888888888888888888888888888888888888888888888888888888888888888888888888
8888888888888888888888888888888888888888888888888888888888888888888888888
8888888888888888888888888888888888888888888888888888888888888888888888888
8888888888888888888888888888888888885888888888888888888888888888888888888
8888888888888888888888888888888888885888888888888888888888888888888888888
8888888888888888888888888858888888885888888888888888888888888888888888888
8888888888888888888888888858888888855888888888888888888888888888888888888
8888888888888888888888888858888888855888888888888888888888888888888888888
8888888888888888888888888855888888855888888888888888888888888888888888888
8888888888888888888888888855888888855888888888888888888888888888888888888
8888888888888888888888888855588888855588888888888858888888888888888888888
8888888888888888888888888855558888555588888888888858888888888888888888888
8888888888888888888888888855655885565588888888888858888888888888888888888
8888888888888888888888888855655855666558888888888855888888888888888888888
8888888888888888888888888855665556666655888888888855888888888888888888888
8888888888888888888888888885566566666655888888888555888888888888888888888
8888888888888888888888888885566666666665588888888555888888888888888888888
8888888888888888888888888855666666666665588888885555888888888888888888888
8888888888888888888888888556666666666666558888855655888888888888888888888
8888888888888888888885888556666666666666655555556655888888888888888888888
8888888888888888888885585566666677766666665555566655888888888888888888888
8888888888888888888885585566666777776666666666666655888888888888888888888
8888888888888888888885585566666777777666666666666558888888888888888888888
8888888888888888888885555666667777777766666666666558888888888888888888888
8888888888888888888885556666667777777776666666665588888888888888888888888
8888888888888888888885566666667777777777778666665588888888888888888888888
8888888888888888888885566666687777777777777666665588888888888888888888888
8888888888888888888885566666666668888888886666655888888888888888888888888
8888888888888888888888556666666666666666666666655888888888888888888888888
8888888888888888888888555666666666666666666666655888888888888888888888888
8888888888888888888888885566666666666666666666555888888888888888888888888
8888888888888888888888885555556666666666666665558888888888888888888888888
8888888888888888888888888855555555555555555555888888888888888888888888888
8888888888888888888888888888885555555555555558888888888888888888888888888
8888888888888888888888888888888888888888888888888888888888888888888888888
8888888888888888888888888888888888888888888888888888888888888888888888888
8888888888888888888888888888888888888888888888888888888888888888888888888
8888888888888888888888888888888888888888888888888888888888888888888888888
8888888888888888888888888888888888888888888888888888888888888888888888888
8888888888888888888888888888888888888888888888888888888888888888888888888
8888888888888888888888888888888888888888888888888888888888888888888888888
8888888888888888888888888888888888888888888888888888888888888888888888888
8888888888888888888888888888888888888888888888888888888888888888888888888
8888888888888888888888888888888888888888888888888888888888888888888888888
8888888888888888888888888888888888888888888888888888888888888888888888888
8888888888888888888888888888888888888888888888888888888888888888888888888
8888888888888888888888888888888888888888888888888888888888888888888888888
8888888888888888888888888888888888888888888888888888888888888888888888888
