8888888888888888888888888888888888888888888888888888888888888888888888888
8888888888888888888888888888888888888888888888888888888888888888888888888
8888888888888888888888888888888888888888888888888888888888888888888888888
8888888888888888888888888888888888888888888888888888888888888888888888888
8888888888888888888888888888888888888888888888888888888888888888888888888
8888888888888888888888888888885888888888888888888888888888888888888888888
8888888888888888888888888888885888888888888888888888888888888888888888888
8888888888888888888888888888885888888888888888888888888888888888888888888
8888888888888888888888888888885888888888888588888888888888888888888888888
8888888888888888888888888888885888888888885588888888888888888888888888888
8888888888888888888888858888885588888888885588888888888888888888888888888
8888888888888888888888558888885588888888885888888888888888888888888888888
8888888888888888888888558888885555888888885588888888888888888888888888888
8888888888888888888888558888885665888888855588888888888888888888888888888
8888888888888888888888558888855665888888855588888888888888888888888888888
8888888888888888888885588888856665888888888888888888888888888888888888888
8888888888888888888885558888856665888888888888888888888888888888888888888
8888888888888888888885858888856665888888888888888888888888888888888888888
8888888888888885888885888888856665588888888888888885888888888888888888888
8885888888888855888885588888856665888888888888888885888888888888858888888
8885888888888855888885588888556665588888888888888885888888888888858888888
8855888888888855888885588888566666558888888888888885588888888888858888888
8855888888888555888888588885566766658888888888888855588888888888558888888
8885588888888565888888888885666776655888888888888856588888888888558888888
8885588888885565888888888855667776665588888888888856588888888885588888888
8885588888885665588888888556667777666588888888888556558888888855588888888
8885558888855666588888888566677777766588888888888566658888888556588888888
8888558888856666588888885566777777766558888888855566655888888565588888888
8888558888855666558888885666777777766655888888856666665888885565888888888
8888555888885666658888855667777777776665588888556667665888885655888888888
8888555888885666655888856667777777777666588855566677665888885658888888888
8888858888855666665888556677777777777766555556666777665888885558888888888
8888888888885667665588856677777777777766666666667777665588885588888888888
8888888888885666666588856677777777777776666666777777666588585588888888888
8888888888885566766558556677777777777777777777777777766585585588888888888
8888888888888566766655566677777777777777777777777777766585585588888888888
8888888888888566676666666777777777777777777777777777766585885588888888888
8888888888888556677666667777777777777777777777777777766585855588888888888
8888888888888856677777777777777777777777777777777777766558855888888888888
8888888888888856677777777777777777777777777777777777766658888888888888888
8888858888885856677777777777777777777777777777777777776658888888888888888
8888855888885556677777777777777777777777777777777777776655888888588888888
8888885588885666677777777777777777777777777777777777776665888888558888888
8888885558885666777777777777777777777777777777777777777665888888558888888
8888885655585667777777777777777777777777777777777777777665588888558888888
8888885566555667777777777777777777777777777777777777777666558885558888888
8888888556666667777777777777777777777777777777777777777766655555658888888
8888888856666677777777777777777777777777777777777777777776666666658888888
8888888856677777777777777777777777777777777777777777777777666666658888888
8888888856677777777777777777777777777777777777777777777777777776658888888
8888888856667777777777777777777777777777777777777777777777777776658888888
8888888855667777777777777777777777777777777777777777777777777776658888888
8888888885667777777777777777777777777777777777777777777777777766658888888
8888888885667777777777777777777777777777777777777777777777777766558888888
8888888855667777777777777777777777777777777777777777777777777766588888888
8888888556667777777777777777777777777777777777777777777777777766588888888
8888855566666666666666666666666666666666666666666666666666666666555558888
8888556666666666666666666666666666666666666666666666666666666666666655888
8855555555555555555555555555555555555555555555555555555555555555555555588
8888888888888888888888888888888888888888888888888888888888888888888888888
8888888888888888888888888888888888888888888888888888888888888888888888888
8888888888888888888888888888888888888888888888888888888888888888888888888
8888888888888888888888888888888888888888888888888888888888888888888888888
8888888888888888888888888888888888888888888888888888888888888888888888888
8888888888888888888888888888888888888888888888888888888888888888888888888
8888888888888888888888888888888888888888888888888888888888888888888888888
8888888888888888888888888888888888888888888888888888888888888888888888888
8888888888888888888888888888888888888888888888888888888888888888888888888
8888888888888888888888888888888888888888888888888888888888888888888888888
8888888888888888888888888888888888888888888888888888888888888888888888888
8888888888888888888888888888888888888888888888888888888888888888888888888
8888888888888888888888888888888888888888888888888888888888888888888888888
8888888888888888888888888888888888888888888888888888888888888888888888888
