8888888888888888888888888888888888888888888888888888888888888888888888888
8888888888888888888888888888888888888888885888888888888888888888888888888
8888888888888888888888888888888888888888855888888888888888888888888888888
8888888888888888888888888888888888888888885888888888888888858888888888888
8888888888888888888888888888888888888888885588888888888888555888888888888
8888888888888588888888885888888888888888888588888888888888555888888888888
8888888888855588888888885888888888888888888888888888888888855588888888888
8888888888855588888888885888888888888888888888888888888888885588888888888
8888888888885588888888855888888888888888888888888888888888885555888888888
8888888888885588888888855888888888888888888888888888888888885665888888888
8888888888885888888888858888888888888888888888888888888888885555888888888
8888888888885888888888558888888888888888888888888888888888885855588888888
8888858888885588888885588888888888888888888888888888888888888856588888888
8888558888888558888885588888888588888888888888888888888888888856588888888
8888588888888888888885588888888558888888888888888888888888888855588888888
8888588888888888888855888888885558888888888888888888888888888888588888888
8885558888888888888855888888885558888888888888888888888888888885888888888
8885558888888888888888888888855585888888888888888888888885888885888888888
8888858888888888888888888888856585888888858888888885888885588888888888888
8888558888888888888888888888856588888888855588888885888885588888888888888
8888558888888888888888888888856588888888888588888885888855888888888888888
8888558888888858888888888888856558888888888888888885588855888888888888888
8885558888888558888888888888856658888888885888888855588888888888888888888
8885588888888588888888855888856658888888885888888856588888888888888888888
8885588888888558888888855888856658888888888888888856588888888888888888888
8855888888888558888888858888856558888888888888888556558888888888888888888
8888888888885558888888558888556588888888888888888566658888888888888888888
8888888888885658888888588888566588888888888888855566655888888888888888888
8888888888885558888888888888566588888888888888885666665888888558585588888
8888888888885588858888888888566588888888888888855667665888888555585588888
8888888888885888855888888888566555888888888888556667665888888858555888888
8888888888888888855888888885566665588888888885566677665888855555558888888
8888888888888888555588888855666666558888888855666777665588885566658888888
8888885858888885566588858856667766658888888556667777666588888566658888888
8888885858888855666558555556677776658888885566677777766588558566558888888
8888885558888556666655566666677776655588885666777777766588855555588888888
8888885658888566676666666666777776665558855667777777766588885888588888888
8888885558888556677666667777777777665888556667777777766588888888888888888
8888888558888856677777777777777777665555566677777777766558888888888888888
8888888888888856677777777777777777666666666777777777766658888888888888888
8888858888885856677777777777777777766666667777777777776658888888888888888
8888855888885556677777777777777777777777777777777777776655888888888888888
8888885588885666677777777777777777777777777777777777776665888888888888888
8888885588885666777777777777777777777777777777777777777665888888888888888
8888885558885667777777777777777777777777777777777777777665588888888888888
8888885555885667777777777777777777777777777777777777777666558888888888888
8888888555555667777777777777777777777777777777777777777766655888888888888
8888888856666667777777777777777777777777777777777777777776665558888588888
8888888856666677777777777777777777777777777777777777777777666655885588888
8888888856677777777777777777777777777777777777777777777777766665555588888
8888888856667777777777777777777777777777777777777777777777777666666588888
8888888855667777777777777777777777777777777777777777777777777766666588888
8888888885667777777777777777777777777777777777777777777777777776666588888
8888888885667777777777777777777777777777777777777777777777777766665588888
8888888855667777777777777777777777777777777777777777777777777766555888888
8888888556667777777777777777777777777777777777777777777777777766588888888
8888855566666666666666666666666666666666666666666666666666666666555558888
8888556666666666666666666666666666666666666666666666666666666666666655888
8855555555555555555555555555555555555555555555555555555555555555555555588
8888888888888888888888888888888888888888888888888888888888888888888888888
8888888888888888888888888888888888888888888888888888888888888888888888888
8888888888888888888888888888888888888888888888888888888888888888888888888
8888888888888888888888888888888888888888888888888888888888888888888888888
8888888888888888888888888888888888888888888888888888888888888888888888888
8888888888888888888888888888888888888888888888888888888888888888888888888
8888888888888888888888888888888888888888888888888888888888888888888888888
8888888888888888888888888888888888888888888888888888888888888888888888888
8888888888888888888888888888888888888888888888888888888888888888888888888
8888888888888888888888888888888888888888888888888888888888888888888888888
8888888888888888888888888888888888888888888888888888888888888888888888888
8888888888888888888888888888888888888888888888888888888888888888888888888
8888888888888888888888888888888888888888888888888888888888888888888888888
8888888888888888888888888888888888888888888888888888888888888888888888888
