8888888888888888888888888888888888888888888888888888888888888888888888888
8888888888888888888888888888888888888888888888888888888888888888888888888
8888888888888888888888888888888888888888888888888888888888888888888888888
8888888888888888888888888888888888888888888888888888888888888888888888888
8888888888888888888888888888888888888888888888888888888888888888888888888
8888888888888888888888888888888888888888588888888888888888888888888888888
8888888888888888888888888888888888888888588888888888888888888888888888888
8888888888888888888885888888888888888888888888888888888888888888888888888
8888888888888888888888588888888888888888888888888888888888888888888888888
8888888888888888888885888888888888888888888888888888888888888888888888888
8888888888888888888885888888888888888888888888888888888888888888888888888
8888888888888888888888888888888888888888888888888888888588888888888888888
8888888888888888888888888888888888888888888888888888888588888888888888888
8888888888888888888888888888888885888888888888888888888588888888888888888
8888888888888888888888888888888855888888888888858888888888888888888888888
8888888888888888888888888888888858888888888888858888888888888888888888888
8888888888888888888888888888888888888888888888858888888888888888888888888
8888888888888888888888888888888888888888888888888888888888888888888888888
8888888888888888888888888888888888888888888888888888888888888888888888888
8888888888888888588888888858888888888888888888888888888888888888888888888
8888888888888888588888888558888888888888888888888888888888888888888888888
8888888888888888588888888588888888888888888888888888888888888888888888888
8888888888888888588888888588888885888888888888888888888888888888888888888
8888888888888888888888888888888885888888888888888888888888888888888888888
8888888888888888888888888888888885888888888888888888888888888888888888888
8888888888888888888888888888888885888888888888888888888888888888888888888
8888888888888888888888888888888885888888888888888888888888888888888888888
8888888888888888888888888888888888888888888888888888888888888888888888888
8888888888888888888888888888888888888888888888888888888888858888888888888
8888888888888888888888888888888888888888888888888888888888858888888888888
8888888888888888888888888888888888888888888888888888888888858888888888888
8888888888888888888888888888888885588888888888885888888888888888888888888
8888888888888888888888888888888888558888888888858888888888888888888888888
8888888888888888888888888888888888885888888888888888888888888888888888888
8888888888888888888888888888888888885888888888888888888888888888888888888
8888888888888888888888888888888888885588888888888888888888888888888888888
8888888888888888588888888888888888888888888888888888888888888888888888888
8888888888888888588888888888888888888888888888888888888888888888888888888
8888888888888888588888888888888888888858888888888888888888888888888888888
8888888888888888588888888888888888888558888888888888888888888888888888888
8888888888888885588888888888888888885588888888888888888888888888888888888
8888888888888888888888888888888888855588888888888888888888888888888888888
8888888888888888888888888888888888556588888888888888888888888888888888888
8888888888888888888888888888888888566588888888888888888888888888888888888
8888888888888888888888888888888885566588888888888888888888888888888888888
8888888888888888888888888888888888555588888888888888888858888888888888888
8888888888888888888888888888888888888558888888888888888588888888888888888
8888888888888888888888888888888888888888888888888888885888888888888888888
8888888888888888888888888888888888888888888888888888888888888888888888888
8888888888888888888888888888888888888888888888888888888888888888888888888
8888888888888888888888888888888885588588888888888888888888888888888888888
8888888888888888888888888888888555555588888888888888888888888888888888888
8888888888888888888888888888888566666588588588888888888888888888888888888
8888888888888888888888888888888567776558585555588888888888888888888888888
8888888888888888888888888855555567776655555666558888888888888888888888888
8888888888888888888888885556666667777666666676655888888888888888888888888
8888888888888888888888555666777777777777777777665558888888888888888888888
8888888888888888888555566666666666666666666666666655888888888888888888888
8888888888888888888555555555555555555555555555555555555888888888888888888
8888888888888888888888888888888888888888888888888888888888888888888888888
8888888888888888888888888888888888888888888888888888888888888888888888888
8888888888888888888888888888888888888888888888888888888888888888888888888
8888888888888888888888888888888888888888888888888888888888888888888888888
8888888888888888888888888888888888888888888888888888888888888888888888888
8888888888888888888888888888888888888888888888888888888888888888888888888
8888888888888888888888888888888888888888888888888888888888888888888888888
8888888888888888888888888888888888888888888888888888888888888888888888888
8888888888888888888888888888888888888888888888888888888888888888888888888
8888888888888888888888888888888888888888888888888888888888888888888888888
8888888888888888888888888888888888888888888888888888888888888888888888888
8888888888888888888888888888888888888888888888888888888888888888888888888
8888888888888888888888888888888888888888888888888888888888888888888888888
8888888888888888888888888888888888888888888888888888888888888888888888888
