8888888888855588888888558888888888888888858888888888888888888855888888888
8888888888885588888885588888888888888888888888888888888888888555888888888
8888888888885888888885888888888888888888888888888888888888855558888888888
8888888588888888888888888888888888888888888888888888888888855588888888888
8888885588888888888888888888888885888888888888888888888888888888888888888
8888885888888888888888888888888885888888888888888888888888888888888888888
8888885888888888888888888888888855888888888888888888888888888888888888888
8888885588888888888888888888888558888888888888888888888888888888888888888
8888888588888888888888888888888558888888888888888888888888888888888888888
8888888588888888888888888888888558888888888888888858888858888888888888888
8888885888888888888888888888888558888888858888888588888858888888888888888
8888885888888588888888888888888555588888858888888588888858888888888888888
8888858588888588888888888888885555888888888588885588888558888888888888888
8888558588888588888888888888885588888888888888855588888888888888888888888
8888888888885588888888888888855588888888888888856558888888888888888888888
8888888888885558888888888888885888888888888888856655888888888858888888888
8888888888888558888888888888888888888888888888556665888888888558888888888
8888888888885588888888888888888888888888888888566665588888885558888888888
8888888888855888888888888888888888888888888888566666588888888555888888888
8888888888888888888888888888888888888888888888556665588888888855588888888
8888888888888888888588888888888888888888888888856555888888888885588888888
8888888888888888888588888888888888888888888888855588888888888885588888888
8888888888888888888588888888888888888888888888855888888888888555888888888
8888888888888888888588888888888888888888888888888888888888885558888888888
8888885858888888885588888888888888888588888888888888888888885888888888888
8888885558888888855588888888888888888588888888888888888888888888888888888
8888885858888888855588888888888888888588888888888888888888888888888888888
8888888858888888855888888888888888885588888888888888888888888888888888888
8888888888888888855888888888888888885888888888888888888888888888888888888
8888888888888888855888888888888888888888888888888888888888888888888888888
8888888888888888855888888888888888888888888888888888888888885588888888888
8888888888888888888888888888888888888888888888858888888888855558888888888
8888888888888888888888888888858888888888888888858888888888555558888888888
8888888888888888888885888888555558888888888588858888888888885588888888888
8888888888888888888885888888566658888888888888855888888888888588888888888
8888888888888888888858888888566655888888888858555588858888888588888888888
8888888588888888888858888885566665888888888858566555888888888888888888888
8888888588888888888558888885666665888888888555566665588888888888888888888
8888885888888888885558888555667665588888885566666666588888888888888888888
8888885888888888888888885566667666558855885666667766588888888888888888888
8888855888888888888888855666677766655555885667777766588858888888888888888
8888855888888888888888856667777776666665555667777766588888888888888888888
8888855888885888588888856677777777666666666667777766585888888888888888888
8888858888885885558888856677777777777766666677777766585588888888888888888
8888888888885555655888856677777777777777777777777766558888588888888888888
8888888888885666665555556677777777777777777777777766655588888888888888888
8888888888855666666666666677777777777777777777777776666555558888888888888
8888888888855666766666666777777777777777777777777777666665588888888888888
8888888888885566677777777777777777777777777777777777776665888888888888888
8888885888888556677777777777777777777777777777777777777665588888888888888
8888855588888856677777777777777777777777777777777777777666558588888888888
8888885588888856677777777777777777777777777777777777777766658888888888888
8888888588888856677777777777777777777777777777777777777776655888888888888
8888888888888856677777777777777777777777777777777777777776665588888888888
8888885888888856677777777777777777777777777777777777777777666588888888888
8888888888858856677777777777777777777777777777777777777777766588888888888
8888888888555556666666666666666666666666666666666666666666666558888888888
8888888885566666666666666666666666666666666666666666666666666655888888888
8888888855555555555555555555555555555555555555555555555555555555888888888
8888888888888888888888888888888888888888888888888888888888888888888888888
8888888888888888888888888888888888888888888888888888888888888888888888888
8888888888888888888888888888888888888888888888888888888888888888888888888
8888888888888888888888888888888888888888888888888888888888888888888888888
8888888888888888888888888888888888888888888888888888888888888888888888888
8888888888888888888888888888888888888888888888888888888888888888888888888
8888888888888888888888888888888888888888888888888888888888888888888888888
8888888888888888888888888888888888888888888888888888888888888888888888888
8888888888888888888888888888888888888888888888888888888888888888888888888
8888888888888888888888888888888888888888888888888888888888888888888888888
8888888888888888888888888888888888888888888888888888888888888888888888888
8888888888888888888888888888888888888888888888888888888888888888888888888
8888888888888888888888888888888888888888888888888888888888888888888888888
8888888888888888888888888888888888888888888888888888888888888888888888888
